TNC

training net...
testing net...
Feed-forward neural network:
inputs:   960
hiddens:  100
outputs:    1
connections and biases: 96201

Testing results for 83 testing cases:
OUTPUT 1 (node nr 1061):
Targets vs. outputs:
   1      1.000000      0.922053
   2      1.000000      0.987334
   3      0.000000     -0.008522
   4      0.000000      0.104904
   5      0.000000      0.013716
   6      0.000000     -0.001266
   7      0.000000      0.000202
   8      0.000000     -0.012318
   9      1.000000      1.000481
  10      1.000000      0.809210
  11      0.000000      0.002385
  12      0.000000      0.021110
  13      0.000000      0.000422
  14      0.000000      0.010572
  15      0.000000      0.004669
  16      0.000000      0.011218
  17      1.000000      1.001402
  18      1.000000      1.020935
  19      0.000000      0.000377
  20      0.000000     -0.000391
  21      0.000000      0.034343
  22      0.000000      0.000678
  23      0.000000     -0.000319
  24      1.000000      0.113831
  25      1.000000      0.000034
  26      0.000000      0.000836
  27      0.000000      0.004423
  28      0.000000      0.109645
  29      0.000000      0.010441
  30      0.000000      0.015710
  31      0.000000      0.004431
  32      0.000000      0.006876
  33      1.000000      0.999652
  34      0.000000      0.224623
  35      0.000000     -0.037820
  36      0.000000      0.000466
  37      0.000000      0.002124
  38      0.000000      0.009060
  39      0.000000      0.914461
  40      1.000000      0.968527
  41      1.000000      1.050802
  42      0.000000     -0.002024
  43      0.000000      0.048940
  44      0.000000      0.007203
  45      0.000000      0.002601
  46      1.000000      0.935817
  47      1.000000      0.837633
  48      0.000000      0.556852
  49      0.000000     -0.036269
  50      0.000000      0.000191
  51      0.000000      0.145218
  52      0.000000     -0.000362
  53      1.000000      0.998792
  54      0.000000      0.000203
  55      0.000000     -0.000355
  56      0.000000     -0.000330
  57      0.000000     -0.000293
  58      0.000000     -0.000176
  59      0.000000     -0.000555
  60      0.000000      0.041464
  61      0.000000      0.021383
  62      1.000000      0.999983
  63      0.000000     -0.000012
  64      0.000000      0.002310
  65      0.000000      0.009280
  66      0.000000      0.059870
  67      1.000000      0.999857
  68      1.000000      0.989971
  69      0.000000     -0.019075
  70      0.000000     -0.003024
  71      0.000000      0.000014
  72      0.000000      0.000036
  73      0.000000      0.006840
  74      0.000000     -0.013109
  75      1.000000      1.009521
  76      1.000000      0.947240
  77      0.000000      0.024863
  78      0.000000      0.066966
  79      0.000000     -0.034399
  80      0.000000     -0.000059
  81      0.000000     -0.000168
  82      0.000000     -0.000059
  83      0.000000     -0.000168
Regression line parameters:
slope         =  0.836900
intercept     =  0.036420
r-value       =  0.888494
p-value       =  0.000000
slope stderr  =  0.048027
estim. stderr =  0.183828

[[  9.22052615e-01]
 [  9.87333973e-01]
 [ -8.52151227e-03]
 [  1.04903903e-01]
 [  1.37161193e-02]
 [ -1.26625472e-03]
 [  2.02046227e-04]
 [ -1.23181912e-02]
 [  1.00048065e+00]
 [  8.09209621e-01]
 [  2.38505648e-03]
 [  2.11100684e-02]
 [  4.22299193e-04]
 [  1.05719725e-02]
 [  4.66906982e-03]
 [  1.12176209e-02]
 [  1.00140152e+00]
 [  1.02093471e+00]
 [  3.76683280e-04]
 [ -3.90625540e-04]
 [  3.43428397e-02]
 [  6.78351416e-04]
 [ -3.19103088e-04]
 [  1.13831416e-01]
 [  3.42738674e-05]
 [  8.36126540e-04]
 [  4.42274025e-03]
 [  1.09644662e-01]
 [  1.04414610e-02]
 [  1.57096911e-02]
 [  4.43132036e-03]
 [  6.87569186e-03]
 [  9.99651694e-01]
 [  2.24622874e-01]
 [ -3.78202729e-02]
 [  4.66492554e-04]
 [  2.12412423e-03]
 [  9.06039411e-03]
 [  9.14461425e-01]
 [  9.68527424e-01]
 [  1.05080215e+00]
 [ -2.02433775e-03]
 [  4.89396132e-02]
 [  7.20318341e-03]
 [  2.60120817e-03]
 [  9.35816672e-01]
 [  8.37632502e-01]
 [  5.56851809e-01]
 [ -3.62687817e-02]
 [  1.91355422e-04]
 [  1.45218035e-01]
 [ -3.61618418e-04]
 [  9.98792414e-01]
 [  2.02514762e-04]
 [ -3.55458253e-04]
 [ -3.30406485e-04]
 [ -2.92952412e-04]
 [ -1.76234728e-04]
 [ -5.54550378e-04]
 [  4.14635091e-02]
 [  2.13826394e-02]
 [  9.99983323e-01]
 [ -1.18734870e-05]
 [  2.31005655e-03]
 [  9.27995758e-03]
 [  5.98698002e-02]
 [  9.99856966e-01]
 [  9.89970589e-01]
 [ -1.90751665e-02]
 [ -3.02421843e-03]
 [  1.44054565e-05]
 [  3.64909459e-05]
 [  6.84006574e-03]
 [ -1.31088474e-02]
 [  1.00952122e+00]
 [  9.47240247e-01]
 [  2.48625354e-02]
 [  6.69663549e-02]
 [ -3.43986436e-02]
 [ -5.91104294e-05]
 [ -1.67520998e-04]
 [ -5.91104294e-05]
 [ -1.67520998e-04]]
[(0.83690008538311922, 0.036419597739240722, 0.88849425071752175, 3.9313443673862483e-29, 0.0480267218944323, 0.18382758669716387)]
