
momentum
training net...
testing net...
Feed-forward neural network: 
inputs:   960 
hiddens:  100 
outputs:    1 
connections and biases: 96201

Testing results for 83 testing cases:
OUTPUT 1 (node nr 1061):
Targets vs. outputs:
   1      1.000000     -0.214286
   2      1.000000     -0.214286
   3      0.000000     -0.214286
   4      0.000000     -0.214286
   5      0.000000     -0.214286
   6      0.000000     -0.214286
   7      0.000000     -0.214286
   8      0.000000     -0.214286
   9      1.000000     -0.214286
  10      1.000000     -0.214286
  11      0.000000     -0.214286
  12      0.000000     -0.214286
  13      0.000000     -0.214286
  14      0.000000     -0.214286
  15      0.000000     -0.214286
  16      0.000000     -0.214286
  17      1.000000     -0.214286
  18      1.000000     -0.214286
  19      0.000000     -0.214286
  20      0.000000     -0.214286
  21      0.000000     -0.214286
  22      0.000000     -0.214286
  23      0.000000     -0.214286
  24      1.000000     -0.214286
  25      1.000000     -0.214286
  26      0.000000     -0.214286
  27      0.000000     -0.214286
  28      0.000000     -0.214286
  29      0.000000     -0.214286
  30      0.000000     -0.214286
  31      0.000000     -0.214286
  32      0.000000     -0.214286
  33      1.000000     -0.214286
  34      0.000000     -0.214286
  35      0.000000     -0.214286
  36      0.000000     -0.214286
  37      0.000000     -0.214286
  38      0.000000     -0.214286
  39      0.000000     -0.214286
  40      1.000000     -0.214286
  41      1.000000     -0.214286
  42      0.000000     -0.214286
  43      0.000000     -0.214286
  44      0.000000     -0.214286
  45      0.000000     -0.214286
  46      1.000000     -0.214286
  47      1.000000     -0.214286
  48      0.000000     -0.214286
  49      0.000000     -0.214286
  50      0.000000     -0.214286
  51      0.000000     -0.214286
  52      0.000000     -0.214286
  53      1.000000     -0.214286
  54      0.000000     -0.214286
  55      0.000000     -0.214286
  56      0.000000     -0.214286
  57      0.000000     -0.214286
  58      0.000000     -0.214286
  59      0.000000     -0.214286
  60      0.000000     -0.214286
  61      0.000000     -0.214286
  62      1.000000     -0.214286
  63      0.000000     -0.214286
  64      0.000000     -0.214286
  65      0.000000     -0.214286
  66      0.000000     -0.214286
  67      1.000000     -0.214286
  68      1.000000     -0.214286
  69      0.000000     -0.214286
  70      0.000000     -0.214286
  71      0.000000     -0.214286
  72      0.000000     -0.214286
  73      0.000000     -0.214286
  74      0.000000     -0.214286
  75      1.000000     -0.214286
  76      1.000000     -0.214286
  77      0.000000     -0.214286
  78      0.000000     -0.214286
  79      0.000000     -0.214286
  80      0.000000     -0.214286
  81      0.000000     -0.214286
  82      0.000000     -0.214286
  83      0.000000     -0.214286
Regression line parameters:
slope         =  0.000000
intercept     = -0.214286
r-value       =  0.000000
p-value       =  1.000000
slope stderr  =  0.000000
estim. stderr =  0.000000

[[-0.21428571]
 [-0.21428571]
 [-0.21428571]
 [-0.21428571]
 [-0.21428571]
 [-0.21428571]
 [-0.21428571]
 [-0.21428571]
 [-0.21428571]
 [-0.21428571]
 [-0.21428571]
 [-0.21428571]
 [-0.21428571]
 [-0.21428571]
 [-0.21428571]
 [-0.21428571]
 [-0.21428571]
 [-0.21428571]
 [-0.21428571]
 [-0.21428571]
 [-0.21428571]
 [-0.21428571]
 [-0.21428571]
 [-0.21428571]
 [-0.21428571]
 [-0.21428571]
 [-0.21428571]
 [-0.21428571]
 [-0.21428571]
 [-0.21428571]
 [-0.21428571]
 [-0.21428571]
 [-0.21428571]
 [-0.21428571]
 [-0.21428571]
 [-0.21428571]
 [-0.21428571]
 [-0.21428571]
 [-0.21428571]
 [-0.21428571]
 [-0.21428571]
 [-0.21428571]
 [-0.21428571]
 [-0.21428571]
 [-0.21428571]
 [-0.21428571]
 [-0.21428571]
 [-0.21428571]
 [-0.21428571]
 [-0.21428571]
 [-0.21428571]
 [-0.21428571]
 [-0.21428571]
 [-0.21428571]
 [-0.21428571]
 [-0.21428571]
 [-0.21428571]
 [-0.21428571]
 [-0.21428571]
 [-0.21428571]
 [-0.21428571]
 [-0.21428571]
 [-0.21428571]
 [-0.21428571]
 [-0.21428571]
 [-0.21428571]
 [-0.21428571]
 [-0.21428571]
 [-0.21428571]
 [-0.21428571]
 [-0.21428571]
 [-0.21428571]
 [-0.21428571]
 [-0.21428571]
 [-0.21428571]
 [-0.21428571]
 [-0.21428571]
 [-0.21428571]
 [-0.21428571]
 [-0.21428571]
 [-0.21428571]
 [-0.21428571]
 [-0.21428571]]
[(0.0, -0.21428571428571427, 0.0, 1.0, 0.0, 0.0)]